name
CanWork
Geon App